%YAML:1.0
calibration_time: "Wed 13 Oct 2021 11:40:15 AM EEST"
image_width: 1920
image_height: 1080
camera_name: creative_livecam
flags: 0

#     ┌─                   ─┐ 
#     |   fx    skew    cx  |
# K = |   0      fy     cy  |
#     |   0       0      1  |
#     └─                   ─┘
# Matlab data: 
#   cameraParams.IntrinsicMatrix: [1.368876642533523e+03,0,0;0.009932868710607,1.368571208121773e+03,0;9.978663003012185e+02,5.506794489695428e+02,1]
#   cameraParams.FocalLength:     [1.368876642533523e+03,1.368571208121773e+03]
#   cameraParams.PrincipalPoint:  [9.978663003012185e+02,5.506794489695428e+02]
#   cameraParams.Skew:                    0.009932868710607
#   cameraParams.MeanReprojectionError:   0.2665
camera_matrix:
  rows: 3
  cols: 3
  data: [   1.368876642533523e+03   ,     0.009932868710607   ,  9.978663003012185e+02, 
                    0.0             ,  1.368571208121773e+03  ,  5.506794489695428e+02, 
                    0.0             ,           0.0           ,         1.0           ]
distortion_model: plumb_bob

# Radial      = [k1, k2, k3]
# Tangential  = [t1, t2]
# Distortion  = [k1, k2, t1, t2, k3]
# Matlab data (Do not forget to choose 3 parameters): 
#   cameraParams.RadialDistortion: [-0.034827258245739,0.110083102942151,-0.117216494146076]
#   cameraParams.TangentialDistortion: [-0.001904480524890,-1.432653949487139e-04]
distortion_coefficients:
  rows: 1
  cols: 5
  data: [-0.034827258245739, 0.110083102942151, -0.001904480524890, -1.432653949487139e-04, -0.117216494146076]

rectification_matrix:
  rows: 3
  cols: 3
  data: [1.000000, 0.000000, 0.000000, 
        0.000000, 1.000000, 0.000000, 
        0.000000, 0.000000, 1.000000]

#   For mono use only Pl, for stereo use for left image Pl and for right Pr
#      ┌─                          ─┐                 ┌─                             ─┐
#      |   fx      0     cx     0   |                 |   fx      0     cx     Tx*f   |
# Pl = |   0      fy     cy     0   |            Pr = |   0      fy     cy     0      |
#      |   0       0      1     0   |                 |   0       0      1     0      |
#      └─                          ─┘                 └─                             ─┘
projection_matrix:
  rows: 3
  cols: 4
  data: [1.368876642533523e+03    ,         0.0               ,    9.978663003012185e+02    ,   0.0 , 
                0.0               ,   1.368571208121773e+03   ,     5.506794489695428e+02   ,   0.0 ,
                0.0               ,         0.0               ,           1.0               ,   0.0 ]
